Learning Cycles = 50
0.9350    0.9168    0.0650    0.9659    0.9408    0.8677    0.1323    0.9532
0.9500    0.9359    0.0500    0.9754    0.9520    0.8964    0.1036    0.9636
0.9517    0.9408    0.0483    0.9747    0.9531    0.9069    0.0931    0.9638
0.9250    0.8995    0.0750    0.9684    0.9256    0.8307    0.1693    0.9465
0.9350    0.9308    0.0650    0.9471    0.9496    0.9144    0.0856    0.9483

Learning Cycles = 100
0.9433    0.9315    0.0567    0.9635    0.9542    0.8995    0.1005    0.9588
0.9533    0.9384    0.0467    0.9803    0.9523    0.8964    0.1036    0.9661
0.9533    0.9456    0.0467    0.9697    0.9600    0.9216    0.0784    0.9648
0.9500    0.9364    0.0500    0.9732    0.9547    0.8995    0.1005    0.9639
0.9433    0.9346    0.0567    0.9683    0.9433    0.9009    0.0991    0.9556

Learning Cycles = 150
0.9550    0.9414    0.0450    0.9781    0.9571    0.9048    0.0952    0.9675
0.9583    0.9461    0.0417    0.9803    0.9591    0.9119    0.0881    0.9696
0.9567    0.9529    0.0433    0.9646    0.9695    0.9412    0.0588    0.9671
0.9517    0.9433    0.0483    0.9659    0.9636    0.9206    0.0794    0.9648
0.9450    0.9350    0.0550    0.9735    0.9412    0.8964    0.1036    0.9571
