'Accuracy', 'AUC', 'Error', 'Sensitivity', 'Precision', 'Specificity', 'False Alarm Rate', 'F1'

cValue = 0.1
0.9300    0.9042    0.0700    0.9974    0.9031    0.8111    0.1889    0.9479
0.9233    0.8860    0.0767    0.9926    0.9034    0.7795    0.2205    0.9459
0.9367    0.9061    0.0633    0.9926    0.9201    0.8196    0.1804    0.9550
0.9217    0.8863    0.0783    0.9925    0.9002    0.7800    0.2200    0.9441
0.9267    0.8918    0.0733    0.9878    0.9120    0.7958    0.2042    0.9484

cValue = 0.5
0.9783    0.9750    0.0217    0.9869    0.9793    0.9631    0.0369    0.9831
0.9767    0.9708    0.0233    0.9877    0.9780    0.9538    0.0462    0.9828
0.9750    0.9681    0.0250    0.9877    0.9757    0.9485    0.0515    0.9816
0.9733    0.9638    0.0267    0.9925    0.9683    0.9350    0.0650    0.9802
0.9633    0.9564    0.0367    0.9756    0.9708    0.9372    0.0628    0.9732

cValue = 1
0.9767    0.9727    0.0233    0.9869    0.9767    0.9585    0.0415    0.9818
0.9767    0.9708    0.0233    0.9877    0.9780    0.9538    0.0462    0.9828
0.9750    0.9721    0.0250    0.9803    0.9827    0.9639    0.0361    0.9815
0.9800    0.9725    0.0200    0.9950    0.9755    0.9500    0.0500    0.9851
0.9700    0.9654    0.0300    0.9780    0.9780    0.9529    0.0471    0.9780
